(e,(shapelet1;1565_03.csv;11;normal;1565_03.csv;[1];0;[2.0, 2.0, 2.0, 2.0, 2.0, 2.0, 2.0, 2.0, 2.0, 2.0, 2.0, 1.0, 2.0, 2.0, 2.0, 2.0, 2.0, 2.0, 2047.0, 2047.0, 2047.0, 2047.0, 2047.0, 2047.0, 2047.0, 2047.0, 2047.0, 2047.0, 2032.0, 2007.0, 1985.0, 1965.0, 3.0, 2.0, 2.0, 2.0, 2.0, 2.0, 2.0, 2.0, 2.0, 2.0, 2.0, 1.0, 2.0, 2.0, 2.0, 957.0, 1099.0, 1145.0, 1143.0, 1149.0, 1152.0, 1153.0, 1158.0, 1161.0, 1163.0, 1167.0, 1173.0, 1175.0, 1178.0, 1180.0, 1185.0, 1188.0];{'1565_03.csv': 0.0, '1564_17.csv': 1941.6232899303614, '1564_16.csv': 447.03691122769715},None))
(e,(shapelet1;1565_03.csv;11;normal;1565_03.csv;[0];0;[2.0, 2.0, 2.0, 2.0, 2.0, 2.0, 2.0, 2.0, 2.0, 2.0, 2.0, 1.0, 2.0, 2.0, 2.0, 2.0, 2.0, 2.0, 2047.0, 2047.0, 2047.0, 2047.0, 2047.0, 2047.0, 2047.0, 2047.0, 2047.0, 2047.0, 2032.0, 2007.0, 1985.0, 1965.0, 3.0, 2.0, 2.0, 2.0, 2.0, 2.0, 2.0, 2.0, 2.0, 2.0, 2.0, 1.0, 2.0, 2.0, 2.0, 957.0, 1099.0, 1145.0, 1143.0, 1149.0, 1152.0, 1153.0, 1158.0, 1161.0, 1163.0, 1167.0, 1173.0, 1175.0, 1178.0, 1180.0, 1185.0, 1188.0];{'1565_03.csv': 0.0, '1564_17.csv': 1941.6232899303614, '1564_16.csv': 447.03691122769715},None))
(e,(shapelet1;1565_03.csv;11;normal;1564_17.csv;[];0;[2.0, 2.0, 2.0, 2.0, 2.0, 2.0, 2.0, 2.0, 2.0, 2.0, 2.0, 1.0, 2.0, 2.0, 2.0, 2.0, 2.0, 2.0, 2047.0, 2047.0, 2047.0, 2047.0, 2047.0, 2047.0, 2047.0, 2047.0, 2047.0, 2047.0, 2032.0, 2007.0, 1985.0, 1965.0, 3.0, 2.0, 2.0, 2.0, 2.0, 2.0, 2.0, 2.0, 2.0, 2.0, 2.0, 1.0, 2.0, 2.0, 2.0, 957.0, 1099.0, 1145.0, 1143.0, 1149.0, 1152.0, 1153.0, 1158.0, 1161.0, 1163.0, 1167.0, 1173.0, 1175.0, 1178.0, 1180.0, 1185.0, 1188.0];{'1565_03.csv': 0.0, '1564_17.csv': 1941.6232899303614, '1564_16.csv': 447.03691122769715},None))
(e,(shapelet1;1565_03.csv;11;normal;1564_16.csv;[];0;[2.0, 2.0, 2.0, 2.0, 2.0, 2.0, 2.0, 2.0, 2.0, 2.0, 2.0, 1.0, 2.0, 2.0, 2.0, 2.0, 2.0, 2.0, 2047.0, 2047.0, 2047.0, 2047.0, 2047.0, 2047.0, 2047.0, 2047.0, 2047.0, 2047.0, 2032.0, 2007.0, 1985.0, 1965.0, 3.0, 2.0, 2.0, 2.0, 2.0, 2.0, 2.0, 2.0, 2.0, 2.0, 2.0, 1.0, 2.0, 2.0, 2.0, 957.0, 1099.0, 1145.0, 1143.0, 1149.0, 1152.0, 1153.0, 1158.0, 1161.0, 1163.0, 1167.0, 1173.0, 1175.0, 1178.0, 1180.0, 1185.0, 1188.0];{'1565_03.csv': 0.0, '1564_17.csv': 1941.6232899303614, '1564_16.csv': 447.03691122769715},None))
(e,(shapelet2;1564_17.csv;11;normal;1565_03.csv;[];0;[2.0, 2.0, 2.0, 2.0, 2.0, 2.0, 2.0, 2.0, 2.0, 2.0, 2.0, 2.0, 2.0, 2.0, 2.0, 2.0, 2.0, 2.0, 2.0, 2.0, 2047.0, 2047.0, 2047.0, 2047.0, 2047.0, 2047.0, 2047.0, 2047.0, 2047.0, 2047.0, 2047.0, 2047.0, 2009.0, 284.0, 3.0, 2.0, 2.0, 2.0, 2.0, 2.0, 2.0, 2.0, 2.0, 1.0, 1.0, 2.0, 2.0, 1.0, 2.0, 2.0, 998.0, 1169.0, 1184.0, 1183.0, 1186.0, 1190.0, 1195.0, 1196.0, 1200.0, 1203.0, 1208.0, 1210.0, 1214.0, 1219.0];{'1565_03.csv': 3991.9611721558617, '1564_17.csv': 0.0, '1564_16.csv': 2383.2708616521118},None))
(e,(shapelet2;1564_17.csv;11;normal;1564_17.csv;[0];0;[2.0, 2.0, 2.0, 2.0, 2.0, 2.0, 2.0, 2.0, 2.0, 2.0, 2.0, 2.0, 2.0, 2.0, 2.0, 2.0, 2.0, 2.0, 2.0, 2.0, 2047.0, 2047.0, 2047.0, 2047.0, 2047.0, 2047.0, 2047.0, 2047.0, 2047.0, 2047.0, 2047.0, 2047.0, 2009.0, 284.0, 3.0, 2.0, 2.0, 2.0, 2.0, 2.0, 2.0, 2.0, 2.0, 1.0, 1.0, 2.0, 2.0, 1.0, 2.0, 2.0, 998.0, 1169.0, 1184.0, 1183.0, 1186.0, 1190.0, 1195.0, 1196.0, 1200.0, 1203.0, 1208.0, 1210.0, 1214.0, 1219.0];{'1565_03.csv': 3991.9611721558617, '1564_17.csv': 0.0, '1564_16.csv': 2383.2708616521118},None))
(e,(shapelet2;1564_17.csv;11;normal;1564_16.csv;[];0;[2.0, 2.0, 2.0, 2.0, 2.0, 2.0, 2.0, 2.0, 2.0, 2.0, 2.0, 2.0, 2.0, 2.0, 2.0, 2.0, 2.0, 2.0, 2.0, 2.0, 2047.0, 2047.0, 2047.0, 2047.0, 2047.0, 2047.0, 2047.0, 2047.0, 2047.0, 2047.0, 2047.0, 2047.0, 2009.0, 284.0, 3.0, 2.0, 2.0, 2.0, 2.0, 2.0, 2.0, 2.0, 2.0, 1.0, 1.0, 2.0, 2.0, 1.0, 2.0, 2.0, 998.0, 1169.0, 1184.0, 1183.0, 1186.0, 1190.0, 1195.0, 1196.0, 1200.0, 1203.0, 1208.0, 1210.0, 1214.0, 1219.0];{'1565_03.csv': 3991.9611721558617, '1564_17.csv': 0.0, '1564_16.csv': 2383.2708616521118},None))
(e,(shapelet3;1564_16.csv;11;normal;1565_03.csv;[];0;[2.0, 2.0, 2.0, 2.0, 2.0, 2.0, 2.0, 2.0, 2.0, 2.0, 2.0, 2.0, 2.0, 1.0, 1.0, 2.0, 2.0, 2.0, 2.0, 2047.0, 2047.0, 2047.0, 2047.0, 2047.0, 2047.0, 2047.0, 2047.0, 2047.0, 2047.0, 2047.0, 2047.0, 2047.0, 2023.0, 3.0, 2.0, 2.0, 2.0, 2.0, 2.0, 2.0, 2.0, 2.0, 2.0, 2.0, 2.0, 2.0, 1.0, 1.0, 565.0, 1031.0, 1199.0, 1192.0, 1191.0, 1195.0, 1197.0, 1201.0, 1208.0, 1211.0, 1216.0, 1220.0, 1221.0, 1223.0, 1226.0, 1233.0];{'1565_03.csv': 3084.4030216558926, '1564_17.csv': 1829.1295744151096, '1564_16.csv': 0.0},None))
(e,(shapelet3;1564_16.csv;11;normal;1564_17.csv;[];0;[2.0, 2.0, 2.0, 2.0, 2.0, 2.0, 2.0, 2.0, 2.0, 2.0, 2.0, 2.0, 2.0, 1.0, 1.0, 2.0, 2.0, 2.0, 2.0, 2047.0, 2047.0, 2047.0, 2047.0, 2047.0, 2047.0, 2047.0, 2047.0, 2047.0, 2047.0, 2047.0, 2047.0, 2047.0, 2023.0, 3.0, 2.0, 2.0, 2.0, 2.0, 2.0, 2.0, 2.0, 2.0, 2.0, 2.0, 2.0, 2.0, 1.0, 1.0, 565.0, 1031.0, 1199.0, 1192.0, 1191.0, 1195.0, 1197.0, 1201.0, 1208.0, 1211.0, 1216.0, 1220.0, 1221.0, 1223.0, 1226.0, 1233.0];{'1565_03.csv': 3084.4030216558926, '1564_17.csv': 1829.1295744151096, '1564_16.csv': 0.0},None))
(e,(shapelet3;1564_16.csv;11;normal;1564_16.csv;[0];0;[2.0, 2.0, 2.0, 2.0, 2.0, 2.0, 2.0, 2.0, 2.0, 2.0, 2.0, 2.0, 2.0, 1.0, 1.0, 2.0, 2.0, 2.0, 2.0, 2047.0, 2047.0, 2047.0, 2047.0, 2047.0, 2047.0, 2047.0, 2047.0, 2047.0, 2047.0, 2047.0, 2047.0, 2047.0, 2023.0, 3.0, 2.0, 2.0, 2.0, 2.0, 2.0, 2.0, 2.0, 2.0, 2.0, 2.0, 2.0, 2.0, 1.0, 1.0, 565.0, 1031.0, 1199.0, 1192.0, 1191.0, 1195.0, 1197.0, 1201.0, 1208.0, 1211.0, 1216.0, 1220.0, 1221.0, 1223.0, 1226.0, 1233.0];{'1565_03.csv': 3084.4030216558926, '1564_17.csv': 1829.1295744151096, '1564_16.csv': 0.0},None))
(e,(shapelet4;1565_03.csv;12;normal;1565_03.csv;[0];0;[-11.0, -12.0, -11.0, -11.0, -11.0, -11.0, -11.0, -11.0, -11.0, -12.0, -11.0, -11.0, -12.0, -11.0, -12.0, -12.0, -12.0, -12.0, 717.0, 911.0, 848.0, 754.0, 663.0, 606.0, 564.0, 527.0, 504.0, 478.0, 462.0, 450.0, 438.0, 429.0, -11.0, -11.0, -11.0, -11.0, -11.0, -12.0, -11.0, -11.0, -12.0, -11.0, -12.0, -11.0, -11.0, -12.0, -12.0, 593.0, 750.0, 832.0, 850.0, 870.0, 879.0, 882.0, 889.0, 893.0, 894.0, 896.0, 900.0, 898.0, 896.0, 892.0, 892.0, 891.0];{'1565_03.csv': 0.0, '1564_17.csv': 745.9859248001935, '1564_16.csv': 301.44319531215166},None))
(e,(shapelet4;1565_03.csv;12;normal;1564_17.csv;[];0;[-11.0, -12.0, -11.0, -11.0, -11.0, -11.0, -11.0, -11.0, -11.0, -12.0, -11.0, -11.0, -12.0, -11.0, -12.0, -12.0, -12.0, -12.0, 717.0, 911.0, 848.0, 754.0, 663.0, 606.0, 564.0, 527.0, 504.0, 478.0, 462.0, 450.0, 438.0, 429.0, -11.0, -11.0, -11.0, -11.0, -11.0, -12.0, -11.0, -11.0, -12.0, -11.0, -12.0, -11.0, -11.0, -12.0, -12.0, 593.0, 750.0, 832.0, 850.0, 870.0, 879.0, 882.0, 889.0, 893.0, 894.0, 896.0, 900.0, 898.0, 896.0, 892.0, 892.0, 891.0];{'1565_03.csv': 0.0, '1564_17.csv': 745.9859248001935, '1564_16.csv': 301.44319531215166},None))
(e,(shapelet4;1565_03.csv;12;normal;1564_16.csv;[];0;[-11.0, -12.0, -11.0, -11.0, -11.0, -11.0, -11.0, -11.0, -11.0, -12.0, -11.0, -11.0, -12.0, -11.0, -12.0, -12.0, -12.0, -12.0, 717.0, 911.0, 848.0, 754.0, 663.0, 606.0, 564.0, 527.0, 504.0, 478.0, 462.0, 450.0, 438.0, 429.0, -11.0, -11.0, -11.0, -11.0, -11.0, -12.0, -11.0, -11.0, -12.0, -11.0, -12.0, -11.0, -11.0, -12.0, -12.0, 593.0, 750.0, 832.0, 850.0, 870.0, 879.0, 882.0, 889.0, 893.0, 894.0, 896.0, 900.0, 898.0, 896.0, 892.0, 892.0, 891.0];{'1565_03.csv': 0.0, '1564_17.csv': 745.9859248001935, '1564_16.csv': 301.44319531215166},None))
(e,(shapelet5;1564_17.csv;12;normal;1565_03.csv;[];0;[-11.0, -11.0, -11.0, -11.0, -11.0, -11.0, -12.0, -11.0, -11.0, -12.0, -12.0, -12.0, -12.0, -12.0, -12.0, -12.0, -12.0, -12.0, -12.0, -12.0, 777.0, 981.0, 917.0, 791.0, 706.0, 630.0, 581.0, 545.0, 516.0, 498.0, 475.0, 461.0, 444.0, 50.0, -11.0, -11.0, -11.0, -12.0, -12.0, -12.0, -11.0, -11.0, -12.0, -12.0, -11.0, -12.0, -12.0, -12.0, -12.0, -12.0, 616.0, 823.0, 864.0, 888.0, 900.0, 908.0, 914.0, 915.0, 918.0, 918.0, 920.0, 928.0, 929.0, 929.0];{'1565_03.csv': 1876.4293218770592, '1564_17.csv': 0.0, '1564_16.csv': 1172.3971170213615},None))
(e,(shapelet5;1564_17.csv;12;normal;1564_17.csv;[0];0;[-11.0, -11.0, -11.0, -11.0, -11.0, -11.0, -12.0, -11.0, -11.0, -12.0, -12.0, -12.0, -12.0, -12.0, -12.0, -12.0, -12.0, -12.0, -12.0, -12.0, 777.0, 981.0, 917.0, 791.0, 706.0, 630.0, 581.0, 545.0, 516.0, 498.0, 475.0, 461.0, 444.0, 50.0, -11.0, -11.0, -11.0, -12.0, -12.0, -12.0, -11.0, -11.0, -12.0, -12.0, -11.0, -12.0, -12.0, -12.0, -12.0, -12.0, 616.0, 823.0, 864.0, 888.0, 900.0, 908.0, 914.0, 915.0, 918.0, 918.0, 920.0, 928.0, 929.0, 929.0];{'1565_03.csv': 1876.4293218770592, '1564_17.csv': 0.0, '1564_16.csv': 1172.3971170213615},None))
(e,(shapelet5;1564_17.csv;12;normal;1564_16.csv;[];0;[-11.0, -11.0, -11.0, -11.0, -11.0, -11.0, -12.0, -11.0, -11.0, -12.0, -12.0, -12.0, -12.0, -12.0, -12.0, -12.0, -12.0, -12.0, -12.0, -12.0, 777.0, 981.0, 917.0, 791.0, 706.0, 630.0, 581.0, 545.0, 516.0, 498.0, 475.0, 461.0, 444.0, 50.0, -11.0, -11.0, -11.0, -12.0, -12.0, -12.0, -11.0, -11.0, -12.0, -12.0, -11.0, -12.0, -12.0, -12.0, -12.0, -12.0, 616.0, 823.0, 864.0, 888.0, 900.0, 908.0, 914.0, 915.0, 918.0, 918.0, 920.0, 928.0, 929.0, 929.0];{'1565_03.csv': 1876.4293218770592, '1564_17.csv': 0.0, '1564_16.csv': 1172.3971170213615},None))
(e,(shapelet6;1564_16.csv;12;normal;1565_03.csv;[];0;[-11.0, -11.0, -12.0, -12.0, -11.0, -11.0, -11.0, -11.0, -11.0, -11.0, -12.0, -12.0, -11.0, -12.0, -12.0, -12.0, -12.0, -11.0, -12.0, 788.0, 973.0, 911.0, 809.0, 704.0, 644.0, 585.0, 552.0, 525.0, 499.0, 482.0, 465.0, 453.0, 441.0, -11.0, -11.0, -11.0, -11.0, -11.0, -11.0, -11.0, -11.0, -12.0, -12.0, -12.0, -12.0, -12.0, -12.0, -11.0, 399.0, 639.0, 861.0, 883.0, 896.0, 915.0, 919.0, 926.0, 932.0, 935.0, 937.0, 937.0, 933.0, 929.0, 927.0, 929.0];{'1565_03.csv': 1174.8370099720216, '1564_17.csv': 571.8400125909344, '1564_16.csv': 0.0},None))
(e,(shapelet6;1564_16.csv;12;normal;1564_17.csv;[];0;[-11.0, -11.0, -12.0, -12.0, -11.0, -11.0, -11.0, -11.0, -11.0, -11.0, -12.0, -12.0, -11.0, -12.0, -12.0, -12.0, -12.0, -11.0, -12.0, 788.0, 973.0, 911.0, 809.0, 704.0, 644.0, 585.0, 552.0, 525.0, 499.0, 482.0, 465.0, 453.0, 441.0, -11.0, -11.0, -11.0, -11.0, -11.0, -11.0, -11.0, -11.0, -12.0, -12.0, -12.0, -12.0, -12.0, -12.0, -11.0, 399.0, 639.0, 861.0, 883.0, 896.0, 915.0, 919.0, 926.0, 932.0, 935.0, 937.0, 937.0, 933.0, 929.0, 927.0, 929.0];{'1565_03.csv': 1174.8370099720216, '1564_17.csv': 571.8400125909344, '1564_16.csv': 0.0},None))
(e,(shapelet6;1564_16.csv;12;normal;1564_16.csv;[0];0;[-11.0, -11.0, -12.0, -12.0, -11.0, -11.0, -11.0, -11.0, -11.0, -11.0, -12.0, -12.0, -11.0, -12.0, -12.0, -12.0, -12.0, -11.0, -12.0, 788.0, 973.0, 911.0, 809.0, 704.0, 644.0, 585.0, 552.0, 525.0, 499.0, 482.0, 465.0, 453.0, 441.0, -11.0, -11.0, -11.0, -11.0, -11.0, -11.0, -11.0, -11.0, -12.0, -12.0, -12.0, -12.0, -12.0, -12.0, -11.0, 399.0, 639.0, 861.0, 883.0, 896.0, 915.0, 919.0, 926.0, 932.0, 935.0, 937.0, 937.0, 933.0, 929.0, 927.0, 929.0];{'1565_03.csv': 1174.8370099720216, '1564_17.csv': 571.8400125909344, '1564_16.csv': 0.0},None))
(e,(shapelet7;1565_03.csv;15;normal;1565_03.csv;[0];0;[0.0, 0.0, 0.0, 0.0, -1.0, 0.0, 0.0, 0.0, 0.0, 0.0, 0.0, 0.0, 0.0, 0.0, 0.0, 0.0, 0.0, 0.0, -88.0, -63.0, -45.0, -39.0, -36.0, -34.0, -33.0, -32.0, -31.0, -30.0, -30.0, -30.0, -29.0, -29.0, -1.0, 0.0, -1.0, 0.0, -1.0, 0.0, -1.0, -1.0, 0.0, 0.0, 0.0, -1.0, 0.0, -1.0, -1.0, -51.0, -96.0, -103.0, -104.0, -104.0, -104.0, -104.0, -105.0, -105.0, -105.0, -106.0, -106.0, -106.0, -107.0, -107.0, -108.0, -108.0];{'1565_03.csv': 0.0, '1564_17.csv': 67.6904720030818, '1564_16.csv': 63.071388124885914},None))
(e,(shapelet7;1565_03.csv;15;normal;1564_17.csv;[];0;[0.0, 0.0, 0.0, 0.0, -1.0, 0.0, 0.0, 0.0, 0.0, 0.0, 0.0, 0.0, 0.0, 0.0, 0.0, 0.0, 0.0, 0.0, -88.0, -63.0, -45.0, -39.0, -36.0, -34.0, -33.0, -32.0, -31.0, -30.0, -30.0, -30.0, -29.0, -29.0, -1.0, 0.0, -1.0, 0.0, -1.0, 0.0, -1.0, -1.0, 0.0, 0.0, 0.0, -1.0, 0.0, -1.0, -1.0, -51.0, -96.0, -103.0, -104.0, -104.0, -104.0, -104.0, -105.0, -105.0, -105.0, -106.0, -106.0, -106.0, -107.0, -107.0, -108.0, -108.0];{'1565_03.csv': 0.0, '1564_17.csv': 67.6904720030818, '1564_16.csv': 63.071388124885914},None))
(e,(shapelet7;1565_03.csv;15;normal;1564_16.csv;[];0;[0.0, 0.0, 0.0, 0.0, -1.0, 0.0, 0.0, 0.0, 0.0, 0.0, 0.0, 0.0, 0.0, 0.0, 0.0, 0.0, 0.0, 0.0, -88.0, -63.0, -45.0, -39.0, -36.0, -34.0, -33.0, -32.0, -31.0, -30.0, -30.0, -30.0, -29.0, -29.0, -1.0, 0.0, -1.0, 0.0, -1.0, 0.0, -1.0, -1.0, 0.0, 0.0, 0.0, -1.0, 0.0, -1.0, -1.0, -51.0, -96.0, -103.0, -104.0, -104.0, -104.0, -104.0, -105.0, -105.0, -105.0, -106.0, -106.0, -106.0, -107.0, -107.0, -108.0, -108.0];{'1565_03.csv': 0.0, '1564_17.csv': 67.6904720030818, '1564_16.csv': 63.071388124885914},None))
(e,(shapelet8;1564_17.csv;15;normal;1565_03.csv;[];0;[0.0, -1.0, 0.0, -1.0, 0.0, 0.0, 0.0, 0.0, 0.0, 0.0, 0.0, 0.0, 0.0, 0.0, 0.0, 0.0, 0.0, 0.0, -1.0, -1.0, -89.0, -63.0, -48.0, -41.0, -38.0, -36.0, -34.0, -33.0, -33.0, -32.0, -31.0, -31.0, -30.0, 0.0, 0.0, -1.0, -1.0, -1.0, -1.0, -1.0, -1.0, -1.0, -1.0, 0.0, -1.0, 0.0, -1.0, -1.0, -1.0, -1.0, -64.0, -102.0, -104.0, -105.0, -106.0, -106.0, -107.0, -108.0, -108.0, -108.0, -109.0, -111.0, -112.0, -112.0];{'1565_03.csv': 196.60874853373133, '1564_17.csv': 0.0, '1564_16.csv': 126.22202660391727},None))
(e,(shapelet8;1564_17.csv;15;normal;1564_17.csv;[0];0;[0.0, -1.0, 0.0, -1.0, 0.0, 0.0, 0.0, 0.0, 0.0, 0.0, 0.0, 0.0, 0.0, 0.0, 0.0, 0.0, 0.0, 0.0, -1.0, -1.0, -89.0, -63.0, -48.0, -41.0, -38.0, -36.0, -34.0, -33.0, -33.0, -32.0, -31.0, -31.0, -30.0, 0.0, 0.0, -1.0, -1.0, -1.0, -1.0, -1.0, -1.0, -1.0, -1.0, 0.0, -1.0, 0.0, -1.0, -1.0, -1.0, -1.0, -64.0, -102.0, -104.0, -105.0, -106.0, -106.0, -107.0, -108.0, -108.0, -108.0, -109.0, -111.0, -112.0, -112.0];{'1565_03.csv': 196.60874853373133, '1564_17.csv': 0.0, '1564_16.csv': 126.22202660391727},None))
(e,(shapelet8;1564_17.csv;15;normal;1564_16.csv;[];0;[0.0, -1.0, 0.0, -1.0, 0.0, 0.0, 0.0, 0.0, 0.0, 0.0, 0.0, 0.0, 0.0, 0.0, 0.0, 0.0, 0.0, 0.0, -1.0, -1.0, -89.0, -63.0, -48.0, -41.0, -38.0, -36.0, -34.0, -33.0, -33.0, -32.0, -31.0, -31.0, -30.0, 0.0, 0.0, -1.0, -1.0, -1.0, -1.0, -1.0, -1.0, -1.0, -1.0, 0.0, -1.0, 0.0, -1.0, -1.0, -1.0, -1.0, -64.0, -102.0, -104.0, -105.0, -106.0, -106.0, -107.0, -108.0, -108.0, -108.0, -109.0, -111.0, -112.0, -112.0];{'1565_03.csv': 196.60874853373133, '1564_17.csv': 0.0, '1564_16.csv': 126.22202660391727},None))
(e,(shapelet9;1564_16.csv;15;normal;1565_03.csv;[];0;[0.0, -1.0, -1.0, 0.0, -1.0, -1.0, -1.0, -1.0, 0.0, 0.0, -1.0, 0.0, 0.0, 0.0, 0.0, -1.0, 0.0, 0.0, 0.0, -91.0, -65.0, -47.0, -42.0, -38.0, -36.0, -34.0, -33.0, -33.0, -32.0, -32.0, -31.0, -31.0, -31.0, 0.0, 0.0, 0.0, -1.0, 0.0, 0.0, 0.0, 0.0, 0.0, 0.0, -1.0, 0.0, -1.0, -1.0, 0.0, 4.0, -73.0, -104.0, -105.0, -106.0, -109.0, -109.0, -110.0, -111.0, -111.0, -111.0, -112.0, -112.0, -112.0, -112.0, -113.0];{'1565_03.csv': 154.21089455677247, '1564_17.csv': 34.161381705077446, '1564_16.csv': 0.0},None))
(e,(shapelet9;1564_16.csv;15;normal;1564_17.csv;[];0;[0.0, -1.0, -1.0, 0.0, -1.0, -1.0, -1.0, -1.0, 0.0, 0.0, -1.0, 0.0, 0.0, 0.0, 0.0, -1.0, 0.0, 0.0, 0.0, -91.0, -65.0, -47.0, -42.0, -38.0, -36.0, -34.0, -33.0, -33.0, -32.0, -32.0, -31.0, -31.0, -31.0, 0.0, 0.0, 0.0, -1.0, 0.0, 0.0, 0.0, 0.0, 0.0, 0.0, -1.0, 0.0, -1.0, -1.0, 0.0, 4.0, -73.0, -104.0, -105.0, -106.0, -109.0, -109.0, -110.0, -111.0, -111.0, -111.0, -112.0, -112.0, -112.0, -112.0, -113.0];{'1565_03.csv': 154.21089455677247, '1564_17.csv': 34.161381705077446, '1564_16.csv': 0.0},None))
(e,(shapelet9;1564_16.csv;15;normal;1564_16.csv;[0];0;[0.0, -1.0, -1.0, 0.0, -1.0, -1.0, -1.0, -1.0, 0.0, 0.0, -1.0, 0.0, 0.0, 0.0, 0.0, -1.0, 0.0, 0.0, 0.0, -91.0, -65.0, -47.0, -42.0, -38.0, -36.0, -34.0, -33.0, -33.0, -32.0, -32.0, -31.0, -31.0, -31.0, 0.0, 0.0, 0.0, -1.0, 0.0, 0.0, 0.0, 0.0, 0.0, 0.0, -1.0, 0.0, -1.0, -1.0, 0.0, 4.0, -73.0, -104.0, -105.0, -106.0, -109.0, -109.0, -110.0, -111.0, -111.0, -111.0, -112.0, -112.0, -112.0, -112.0, -113.0];{'1565_03.csv': 154.21089455677247, '1564_17.csv': 34.161381705077446, '1564_16.csv': 0.0},None))
(e,(shapelet10;1565_03.csv;6;normal;1565_03.csv;[0];0;[2.0, 2.0, 2.0, 2.0, 2.0, 2.0, 2.0, 2.0, 2.0, 2.0, 2.0, 2.0, 2.0, 2.0, 2.0, 2.0, 2.0, 2.0, 606.0, 604.0, 602.0, 602.0, 602.0, 602.0, 603.0, 603.0, 604.0, 603.0, 602.0, 602.0, 602.0, 602.0, 3.0, 2.0, 2.0, 2.0, 2.0, 2.0, 2.0, 2.0, 2.0, 2.0, 2.0, 2.0, 2.0, 2.0, 2.0, 557.0, 556.0, 548.0, 549.0, 551.0, 551.0, 550.0, 549.0, 549.0, 550.0, 551.0, 551.0, 550.0, 550.0, 550.0, 550.0, 550.0];{'1565_03.csv': 0.0, '1564_17.csv': 797.8182750476452, '1564_16.csv': 74.63913182774837},None))
(e,(shapelet10;1565_03.csv;6;normal;1564_17.csv;[];0;[2.0, 2.0, 2.0, 2.0, 2.0, 2.0, 2.0, 2.0, 2.0, 2.0, 2.0, 2.0, 2.0, 2.0, 2.0, 2.0, 2.0, 2.0, 606.0, 604.0, 602.0, 602.0, 602.0, 602.0, 603.0, 603.0, 604.0, 603.0, 602.0, 602.0, 602.0, 602.0, 3.0, 2.0, 2.0, 2.0, 2.0, 2.0, 2.0, 2.0, 2.0, 2.0, 2.0, 2.0, 2.0, 2.0, 2.0, 557.0, 556.0, 548.0, 549.0, 551.0, 551.0, 550.0, 549.0, 549.0, 550.0, 551.0, 551.0, 550.0, 550.0, 550.0, 550.0, 550.0];{'1565_03.csv': 0.0, '1564_17.csv': 797.8182750476452, '1564_16.csv': 74.63913182774837},None))
(e,(shapelet10;1565_03.csv;6;normal;1564_16.csv;[];0;[2.0, 2.0, 2.0, 2.0, 2.0, 2.0, 2.0, 2.0, 2.0, 2.0, 2.0, 2.0, 2.0, 2.0, 2.0, 2.0, 2.0, 2.0, 606.0, 604.0, 602.0, 602.0, 602.0, 602.0, 603.0, 603.0, 604.0, 603.0, 602.0, 602.0, 602.0, 602.0, 3.0, 2.0, 2.0, 2.0, 2.0, 2.0, 2.0, 2.0, 2.0, 2.0, 2.0, 2.0, 2.0, 2.0, 2.0, 557.0, 556.0, 548.0, 549.0, 551.0, 551.0, 550.0, 549.0, 549.0, 550.0, 551.0, 551.0, 550.0, 550.0, 550.0, 550.0, 550.0];{'1565_03.csv': 0.0, '1564_17.csv': 797.8182750476452, '1564_16.csv': 74.63913182774837},None))
(e,(shapelet11;1564_17.csv;6;normal;1565_03.csv;[];0;[2.0, 2.0, 2.0, 2.0, 2.0, 2.0, 2.0, 2.0, 2.0, 2.0, 2.0, 2.0, 2.0, 2.0, 2.0, 2.0, 2.0, 2.0, 2.0, 2.0, 601.0, 603.0, 600.0, 601.0, 602.0, 601.0, 603.0, 602.0, 603.0, 603.0, 603.0, 603.0, 602.0, 28.0, 3.0, 2.0, 2.0, 2.0, 2.0, 2.0, 2.0, 2.0, 2.0, 2.0, 2.0, 2.0, 2.0, 1.0, 2.0, 3.0, 564.0, 550.0, 548.0, 549.0, 549.0, 550.0, 550.0, 551.0, 551.0, 551.0, 551.0, 549.0, 550.0, 550.0];{'1565_03.csv': 1414.2252295868575, '1564_17.csv': 0.0, '1564_16.csv': 955.5134745256081},None))
(e,(shapelet11;1564_17.csv;6;normal;1564_17.csv;[0];0;[2.0, 2.0, 2.0, 2.0, 2.0, 2.0, 2.0, 2.0, 2.0, 2.0, 2.0, 2.0, 2.0, 2.0, 2.0, 2.0, 2.0, 2.0, 2.0, 2.0, 601.0, 603.0, 600.0, 601.0, 602.0, 601.0, 603.0, 602.0, 603.0, 603.0, 603.0, 603.0, 602.0, 28.0, 3.0, 2.0, 2.0, 2.0, 2.0, 2.0, 2.0, 2.0, 2.0, 2.0, 2.0, 2.0, 2.0, 1.0, 2.0, 3.0, 564.0, 550.0, 548.0, 549.0, 549.0, 550.0, 550.0, 551.0, 551.0, 551.0, 551.0, 549.0, 550.0, 550.0];{'1565_03.csv': 1414.2252295868575, '1564_17.csv': 0.0, '1564_16.csv': 955.5134745256081},None))
(e,(shapelet11;1564_17.csv;6;normal;1564_16.csv;[];0;[2.0, 2.0, 2.0, 2.0, 2.0, 2.0, 2.0, 2.0, 2.0, 2.0, 2.0, 2.0, 2.0, 2.0, 2.0, 2.0, 2.0, 2.0, 2.0, 2.0, 601.0, 603.0, 600.0, 601.0, 602.0, 601.0, 603.0, 602.0, 603.0, 603.0, 603.0, 603.0, 602.0, 28.0, 3.0, 2.0, 2.0, 2.0, 2.0, 2.0, 2.0, 2.0, 2.0, 2.0, 2.0, 2.0, 2.0, 1.0, 2.0, 3.0, 564.0, 550.0, 548.0, 549.0, 549.0, 550.0, 550.0, 551.0, 551.0, 551.0, 551.0, 549.0, 550.0, 550.0];{'1565_03.csv': 1414.2252295868575, '1564_17.csv': 0.0, '1564_16.csv': 955.5134745256081},None))
(e,(shapelet12;1564_16.csv;6;normal;1565_03.csv;[];0;[2.0, 2.0, 2.0, 2.0, 2.0, 2.0, 2.0, 2.0, 2.0, 2.0, 2.0, 2.0, 2.0, 2.0, 2.0, 2.0, 2.0, 2.0, 2.0, 607.0, 604.0, 603.0, 603.0, 604.0, 604.0, 602.0, 602.0, 603.0, 603.0, 603.0, 603.0, 603.0, 603.0, 3.0, 2.0, 2.0, 2.0, 2.0, 2.0, 2.0, 2.0, 2.0, 2.0, 2.0, 2.0, 2.0, 2.0, 2.0, 483.0, 564.0, 549.0, 549.0, 549.0, 549.0, 550.0, 548.0, 550.0, 550.0, 552.0, 552.0, 550.0, 550.0, 550.0, 550.0];{'1565_03.csv': 1019.0549543572221, '1564_17.csv': 749.0674201966069, '1564_16.csv': 0.0},None))
(e,(shapelet12;1564_16.csv;6;normal;1564_17.csv;[];0;[2.0, 2.0, 2.0, 2.0, 2.0, 2.0, 2.0, 2.0, 2.0, 2.0, 2.0, 2.0, 2.0, 2.0, 2.0, 2.0, 2.0, 2.0, 2.0, 607.0, 604.0, 603.0, 603.0, 604.0, 604.0, 602.0, 602.0, 603.0, 603.0, 603.0, 603.0, 603.0, 603.0, 3.0, 2.0, 2.0, 2.0, 2.0, 2.0, 2.0, 2.0, 2.0, 2.0, 2.0, 2.0, 2.0, 2.0, 2.0, 483.0, 564.0, 549.0, 549.0, 549.0, 549.0, 550.0, 548.0, 550.0, 550.0, 552.0, 552.0, 550.0, 550.0, 550.0, 550.0];{'1565_03.csv': 1019.0549543572221, '1564_17.csv': 749.0674201966069, '1564_16.csv': 0.0},None))
(e,(shapelet12;1564_16.csv;6;normal;1564_16.csv;[0];0;[2.0, 2.0, 2.0, 2.0, 2.0, 2.0, 2.0, 2.0, 2.0, 2.0, 2.0, 2.0, 2.0, 2.0, 2.0, 2.0, 2.0, 2.0, 2.0, 607.0, 604.0, 603.0, 603.0, 604.0, 604.0, 602.0, 602.0, 603.0, 603.0, 603.0, 603.0, 603.0, 603.0, 3.0, 2.0, 2.0, 2.0, 2.0, 2.0, 2.0, 2.0, 2.0, 2.0, 2.0, 2.0, 2.0, 2.0, 2.0, 483.0, 564.0, 549.0, 549.0, 549.0, 549.0, 550.0, 548.0, 550.0, 550.0, 552.0, 552.0, 550.0, 550.0, 550.0, 550.0];{'1565_03.csv': 1019.0549543572221, '1564_17.csv': 749.0674201966069, '1564_16.csv': 0.0},None))
(e,(shapelet13;1565_03.csv;7;normal;1565_03.csv;[0];0;[23.0, 23.0, 23.0, 23.0, 23.0, 23.0, 23.0, 23.0, 23.0, 23.0, 23.0, 23.0, 23.0, 23.0, 23.0, 23.0, 22.0, 22.0, 63.0, -33.0, -65.0, -66.0, -67.0, -67.0, -66.0, -64.0, -64.0, -64.0, -65.0, -65.0, -64.0, -64.0, 24.0, 23.0, 23.0, 23.0, 23.0, 23.0, 23.0, 23.0, 23.0, 23.0, 23.0, 22.0, 22.0, 22.0, 22.0, 102.0, 19.0, -58.0, -61.0, -59.0, -60.0, -61.0, -64.0, -63.0, -62.0, -60.0, -61.0, -63.0, -64.0, -62.0, -63.0, -63.0];{'1565_03.csv': 0.0, '1564_17.csv': 162.7820628939196, '1564_16.csv': 189.602215176933},None))
(e,(shapelet13;1565_03.csv;7;normal;1564_17.csv;[];0;[23.0, 23.0, 23.0, 23.0, 23.0, 23.0, 23.0, 23.0, 23.0, 23.0, 23.0, 23.0, 23.0, 23.0, 23.0, 23.0, 22.0, 22.0, 63.0, -33.0, -65.0, -66.0, -67.0, -67.0, -66.0, -64.0, -64.0, -64.0, -65.0, -65.0, -64.0, -64.0, 24.0, 23.0, 23.0, 23.0, 23.0, 23.0, 23.0, 23.0, 23.0, 23.0, 23.0, 22.0, 22.0, 22.0, 22.0, 102.0, 19.0, -58.0, -61.0, -59.0, -60.0, -61.0, -64.0, -63.0, -62.0, -60.0, -61.0, -63.0, -64.0, -62.0, -63.0, -63.0];{'1565_03.csv': 0.0, '1564_17.csv': 162.7820628939196, '1564_16.csv': 189.602215176933},None))
(e,(shapelet13;1565_03.csv;7;normal;1564_16.csv;[];0;[23.0, 23.0, 23.0, 23.0, 23.0, 23.0, 23.0, 23.0, 23.0, 23.0, 23.0, 23.0, 23.0, 23.0, 23.0, 23.0, 22.0, 22.0, 63.0, -33.0, -65.0, -66.0, -67.0, -67.0, -66.0, -64.0, -64.0, -64.0, -65.0, -65.0, -64.0, -64.0, 24.0, 23.0, 23.0, 23.0, 23.0, 23.0, 23.0, 23.0, 23.0, 23.0, 23.0, 22.0, 22.0, 22.0, 22.0, 102.0, 19.0, -58.0, -61.0, -59.0, -60.0, -61.0, -64.0, -63.0, -62.0, -60.0, -61.0, -63.0, -64.0, -62.0, -63.0, -63.0];{'1565_03.csv': 0.0, '1564_17.csv': 162.7820628939196, '1564_16.csv': 189.602215176933},None))
(e,(shapelet14;1564_17.csv;7;normal;1565_03.csv;[];0;[22.0, 22.0, 22.0, 22.0, 22.0, 22.0, 22.0, 22.0, 22.0, 22.0, 22.0, 22.0, 22.0, 22.0, 22.0, 22.0, 22.0, 22.0, 22.0, 22.0, 59.0, -40.0, -69.0, -71.0, -70.0, -71.0, -68.0, -70.0, -69.0, -68.0, -68.0, -68.0, -69.0, 23.0, 22.0, 22.0, 22.0, 22.0, 22.0, 22.0, 22.0, 22.0, 22.0, 22.0, 22.0, 22.0, 22.0, 20.0, 20.0, 23.0, 129.0, -47.0, -62.0, -62.0, -68.0, -63.0, -64.0, -64.0, -63.0, -64.0, -64.0, -67.0, -66.0, -68.0];{'1565_03.csv': 281.5333017602003, '1564_17.csv': 0.0, '1564_16.csv': 343.1471987354698},None))
(e,(shapelet14;1564_17.csv;7;normal;1564_17.csv;[0];0;[22.0, 22.0, 22.0, 22.0, 22.0, 22.0, 22.0, 22.0, 22.0, 22.0, 22.0, 22.0, 22.0, 22.0, 22.0, 22.0, 22.0, 22.0, 22.0, 22.0, 59.0, -40.0, -69.0, -71.0, -70.0, -71.0, -68.0, -70.0, -69.0, -68.0, -68.0, -68.0, -69.0, 23.0, 22.0, 22.0, 22.0, 22.0, 22.0, 22.0, 22.0, 22.0, 22.0, 22.0, 22.0, 22.0, 22.0, 20.0, 20.0, 23.0, 129.0, -47.0, -62.0, -62.0, -68.0, -63.0, -64.0, -64.0, -63.0, -64.0, -64.0, -67.0, -66.0, -68.0];{'1565_03.csv': 281.5333017602003, '1564_17.csv': 0.0, '1564_16.csv': 343.1471987354698},None))
(e,(shapelet14;1564_17.csv;7;normal;1564_16.csv;[];0;[22.0, 22.0, 22.0, 22.0, 22.0, 22.0, 22.0, 22.0, 22.0, 22.0, 22.0, 22.0, 22.0, 22.0, 22.0, 22.0, 22.0, 22.0, 22.0, 22.0, 59.0, -40.0, -69.0, -71.0, -70.0, -71.0, -68.0, -70.0, -69.0, -68.0, -68.0, -68.0, -69.0, 23.0, 22.0, 22.0, 22.0, 22.0, 22.0, 22.0, 22.0, 22.0, 22.0, 22.0, 22.0, 22.0, 22.0, 20.0, 20.0, 23.0, 129.0, -47.0, -62.0, -62.0, -68.0, -63.0, -64.0, -64.0, -63.0, -64.0, -64.0, -67.0, -66.0, -68.0];{'1565_03.csv': 281.5333017602003, '1564_17.csv': 0.0, '1564_16.csv': 343.1471987354698},None))
(e,(shapelet15;1564_16.csv;7;normal;1565_03.csv;[];0;[22.0, 22.0, 22.0, 22.0, 22.0, 22.0, 22.0, 22.0, 21.0, 21.0, 21.0, 21.0, 21.0, 21.0, 21.0, 22.0, 21.0, 21.0, 21.0, 58.0, -48.0, -68.0, -67.0, -68.0, -67.0, -69.0, -70.0, -68.0, -67.0, -68.0, -68.0, -69.0, -66.0, 22.0, 22.0, 22.0, 22.0, 22.0, 22.0, 22.0, 22.0, 21.0, 21.0, 21.0, 22.0, 22.0, 21.0, 21.0, 263.0, 116.0, -61.0, -62.0, -63.0, -64.0, -62.0, -69.0, -68.0, -67.0, -65.0, -65.0, -65.0, -64.0, -65.0, -64.0];{'1565_03.csv': 339.38621068039873, '1564_17.csv': 257.10698162438143, '1564_16.csv': 0.0},None))
(e,(shapelet15;1564_16.csv;7;normal;1564_17.csv;[];0;[22.0, 22.0, 22.0, 22.0, 22.0, 22.0, 22.0, 22.0, 21.0, 21.0, 21.0, 21.0, 21.0, 21.0, 21.0, 22.0, 21.0, 21.0, 21.0, 58.0, -48.0, -68.0, -67.0, -68.0, -67.0, -69.0, -70.0, -68.0, -67.0, -68.0, -68.0, -69.0, -66.0, 22.0, 22.0, 22.0, 22.0, 22.0, 22.0, 22.0, 22.0, 21.0, 21.0, 21.0, 22.0, 22.0, 21.0, 21.0, 263.0, 116.0, -61.0, -62.0, -63.0, -64.0, -62.0, -69.0, -68.0, -67.0, -65.0, -65.0, -65.0, -64.0, -65.0, -64.0];{'1565_03.csv': 339.38621068039873, '1564_17.csv': 257.10698162438143, '1564_16.csv': 0.0},None))
(e,(shapelet15;1564_16.csv;7;normal;1564_16.csv;[0];0;[22.0, 22.0, 22.0, 22.0, 22.0, 22.0, 22.0, 22.0, 21.0, 21.0, 21.0, 21.0, 21.0, 21.0, 21.0, 22.0, 21.0, 21.0, 21.0, 58.0, -48.0, -68.0, -67.0, -68.0, -67.0, -69.0, -70.0, -68.0, -67.0, -68.0, -68.0, -69.0, -66.0, 22.0, 22.0, 22.0, 22.0, 22.0, 22.0, 22.0, 22.0, 21.0, 21.0, 21.0, 22.0, 22.0, 21.0, 21.0, 263.0, 116.0, -61.0, -62.0, -63.0, -64.0, -62.0, -69.0, -68.0, -67.0, -65.0, -65.0, -65.0, -64.0, -65.0, -64.0];{'1565_03.csv': 339.38621068039873, '1564_17.csv': 257.10698162438143, '1564_16.csv': 0.0},None))
(e,(shapelet16;1565_03.csv;8;normal;1565_03.csv;[0];0;[70.0, 22.0, 10.0, 6.0, 6.0, 3.0, 3.0, 3.0, 3.0, 3.0, 624.0, 496.0, 1542.0, 1840.0, 2160.0, 2294.0, 2400.0, 2397.0, 2458.0, 2397.0, 2400.0, 2397.0, 2397.0, 2397.0, 2394.0, 2397.0, 2397.0, 2400.0, 2397.0, 2400.0, 2397.0, 2403.0, 422.0, 115.0, 54.0, 35.0, 26.0, 19.0, 13.0, 10.0, 10.0, 618.0, 755.0, 1082.0, 1213.0, 1382.0, 1382.0, 1379.0, 1389.0, 1392.0, 1392.0, 1389.0, 1392.0, 1392.0, 1392.0, 1389.0, 1389.0, 1389.0, 1382.0, 1382.0, 1386.0, 1386.0, 1386.0, 1386.0];{'1565_03.csv': 0.0, '1564_17.csv': 1892.7268688323734, '1564_16.csv': 1250.8748938243184},None))
(e,(shapelet16;1565_03.csv;8;normal;1564_17.csv;[];0;[70.0, 22.0, 10.0, 6.0, 6.0, 3.0, 3.0, 3.0, 3.0, 3.0, 624.0, 496.0, 1542.0, 1840.0, 2160.0, 2294.0, 2400.0, 2397.0, 2458.0, 2397.0, 2400.0, 2397.0, 2397.0, 2397.0, 2394.0, 2397.0, 2397.0, 2400.0, 2397.0, 2400.0, 2397.0, 2403.0, 422.0, 115.0, 54.0, 35.0, 26.0, 19.0, 13.0, 10.0, 10.0, 618.0, 755.0, 1082.0, 1213.0, 1382.0, 1382.0, 1379.0, 1389.0, 1392.0, 1392.0, 1389.0, 1392.0, 1392.0, 1392.0, 1389.0, 1389.0, 1389.0, 1382.0, 1382.0, 1386.0, 1386.0, 1386.0, 1386.0];{'1565_03.csv': 0.0, '1564_17.csv': 1892.7268688323734, '1564_16.csv': 1250.8748938243184},None))
(e,(shapelet16;1565_03.csv;8;normal;1564_16.csv;[];0;[70.0, 22.0, 10.0, 6.0, 6.0, 3.0, 3.0, 3.0, 3.0, 3.0, 624.0, 496.0, 1542.0, 1840.0, 2160.0, 2294.0, 2400.0, 2397.0, 2458.0, 2397.0, 2400.0, 2397.0, 2397.0, 2397.0, 2394.0, 2397.0, 2397.0, 2400.0, 2397.0, 2400.0, 2397.0, 2403.0, 422.0, 115.0, 54.0, 35.0, 26.0, 19.0, 13.0, 10.0, 10.0, 618.0, 755.0, 1082.0, 1213.0, 1382.0, 1382.0, 1379.0, 1389.0, 1392.0, 1392.0, 1389.0, 1392.0, 1392.0, 1392.0, 1389.0, 1389.0, 1389.0, 1382.0, 1382.0, 1386.0, 1386.0, 1386.0, 1386.0];{'1565_03.csv': 0.0, '1564_17.csv': 1892.7268688323734, '1564_16.csv': 1250.8748938243184},None))
(e,(shapelet17;1564_17.csv;8;normal;1565_03.csv;[];0;[70.0, 26.0, 10.0, 6.0, 6.0, 3.0, 3.0, 3.0, 3.0, 3.0, 618.0, 483.0, 1363.0, 1834.0, 2176.0, 2266.0, 2342.0, 2362.0, 2400.0, 2403.0, 2445.0, 2394.0, 2397.0, 2397.0, 2397.0, 2397.0, 2397.0, 2397.0, 2400.0, 2397.0, 2400.0, 2403.0, 2397.0, 2387.0, 419.0, 96.0, 54.0, 38.0, 22.0, 19.0, 13.0, 10.0, 10.0, 592.0, 765.0, 1158.0, 1277.0, 1373.0, 1386.0, 1386.0, 1386.0, 1386.0, 1389.0, 1389.0, 1389.0, 1392.0, 1392.0, 1392.0, 1395.0, 1398.0, 1398.0, 1392.0, 1392.0, 1392.0];{'1565_03.csv': 3266.776392714996, '1564_17.csv': 0.0, '1564_16.csv': 2152.0543673429815},None))
(e,(shapelet17;1564_17.csv;8;normal;1564_17.csv;[0];0;[70.0, 26.0, 10.0, 6.0, 6.0, 3.0, 3.0, 3.0, 3.0, 3.0, 618.0, 483.0, 1363.0, 1834.0, 2176.0, 2266.0, 2342.0, 2362.0, 2400.0, 2403.0, 2445.0, 2394.0, 2397.0, 2397.0, 2397.0, 2397.0, 2397.0, 2397.0, 2400.0, 2397.0, 2400.0, 2403.0, 2397.0, 2387.0, 419.0, 96.0, 54.0, 38.0, 22.0, 19.0, 13.0, 10.0, 10.0, 592.0, 765.0, 1158.0, 1277.0, 1373.0, 1386.0, 1386.0, 1386.0, 1386.0, 1389.0, 1389.0, 1389.0, 1392.0, 1392.0, 1392.0, 1395.0, 1398.0, 1398.0, 1392.0, 1392.0, 1392.0];{'1565_03.csv': 3266.776392714996, '1564_17.csv': 0.0, '1564_16.csv': 2152.0543673429815},None))
(e,(shapelet17;1564_17.csv;8;normal;1564_16.csv;[];0;[70.0, 26.0, 10.0, 6.0, 6.0, 3.0, 3.0, 3.0, 3.0, 3.0, 618.0, 483.0, 1363.0, 1834.0, 2176.0, 2266.0, 2342.0, 2362.0, 2400.0, 2403.0, 2445.0, 2394.0, 2397.0, 2397.0, 2397.0, 2397.0, 2397.0, 2397.0, 2400.0, 2397.0, 2400.0, 2403.0, 2397.0, 2387.0, 419.0, 96.0, 54.0, 38.0, 22.0, 19.0, 13.0, 10.0, 10.0, 592.0, 765.0, 1158.0, 1277.0, 1373.0, 1386.0, 1386.0, 1386.0, 1386.0, 1389.0, 1389.0, 1389.0, 1392.0, 1392.0, 1392.0, 1395.0, 1398.0, 1398.0, 1392.0, 1392.0, 1392.0];{'1565_03.csv': 3266.776392714996, '1564_17.csv': 0.0, '1564_16.csv': 2152.0543673429815},None))
(e,(shapelet18;1564_16.csv;8;normal;1565_03.csv;[];0;[29.0, 13.0, 10.0, 6.0, 6.0, 6.0, 6.0, 3.0, 3.0, 3.0, 627.0, 499.0, 1421.0, 1859.0, 2173.0, 2285.0, 2374.0, 2400.0, 2400.0, 2464.0, 2397.0, 2397.0, 2397.0, 2400.0, 2400.0, 2403.0, 2400.0, 2400.0, 2400.0, 2400.0, 2400.0, 2397.0, 2400.0, 432.0, 118.0, 58.0, 29.0, 22.0, 16.0, 13.0, 10.0, 10.0, 611.0, 976.0, 1165.0, 1315.0, 1363.0, 1386.0, 1386.0, 1386.0, 1389.0, 1392.0, 1389.0, 1392.0, 1392.0, 1392.0, 1389.0, 1389.0, 1389.0, 1389.0, 1392.0, 1392.0, 1392.0, 1389.0];{'1565_03.csv': 2110.097154161391, '1564_17.csv': 1215.2217904563759, '1564_16.csv': 0.0},None))
(e,(shapelet18;1564_16.csv;8;normal;1564_17.csv;[];0;[29.0, 13.0, 10.0, 6.0, 6.0, 6.0, 6.0, 3.0, 3.0, 3.0, 627.0, 499.0, 1421.0, 1859.0, 2173.0, 2285.0, 2374.0, 2400.0, 2400.0, 2464.0, 2397.0, 2397.0, 2397.0, 2400.0, 2400.0, 2403.0, 2400.0, 2400.0, 2400.0, 2400.0, 2400.0, 2397.0, 2400.0, 432.0, 118.0, 58.0, 29.0, 22.0, 16.0, 13.0, 10.0, 10.0, 611.0, 976.0, 1165.0, 1315.0, 1363.0, 1386.0, 1386.0, 1386.0, 1389.0, 1392.0, 1389.0, 1392.0, 1392.0, 1392.0, 1389.0, 1389.0, 1389.0, 1389.0, 1392.0, 1392.0, 1392.0, 1389.0];{'1565_03.csv': 2110.097154161391, '1564_17.csv': 1215.2217904563759, '1564_16.csv': 0.0},None))
(e,(shapelet18;1564_16.csv;8;normal;1564_16.csv;[0];0;[29.0, 13.0, 10.0, 6.0, 6.0, 6.0, 6.0, 3.0, 3.0, 3.0, 627.0, 499.0, 1421.0, 1859.0, 2173.0, 2285.0, 2374.0, 2400.0, 2400.0, 2464.0, 2397.0, 2397.0, 2397.0, 2400.0, 2400.0, 2403.0, 2400.0, 2400.0, 2400.0, 2400.0, 2400.0, 2397.0, 2400.0, 432.0, 118.0, 58.0, 29.0, 22.0, 16.0, 13.0, 10.0, 10.0, 611.0, 976.0, 1165.0, 1315.0, 1363.0, 1386.0, 1386.0, 1386.0, 1389.0, 1392.0, 1389.0, 1392.0, 1392.0, 1392.0, 1389.0, 1389.0, 1389.0, 1389.0, 1392.0, 1392.0, 1392.0, 1389.0];{'1565_03.csv': 2110.097154161391, '1564_17.csv': 1215.2217904563759, '1564_16.csv': 0.0},None))
